00 00 00 00 00 00
00 00 00 00 00 1f
00 00 00 00 00 1d
00 00 00 00 00 38
00 00 00 00 00 42
00 00 00 00 00 01
00 00 00 00 00 14
00 00 00 00 00 15
00 00 00 00 00 16
00 00 00 00 00 00
00 39 00 01 00 00
00 39 00 01 00 2b
3f 0e 00 01 00 1b
00 39 00 01 00 39
00 00 00 00 00 42
00 00 00 00 00 01
00 39 00 01 00 0d
3f 0e 00 01 00 0e
00 39 00 01 00 0f
00 39 00 01 00 10
49 00 00 00 00 23
49 00 00 00 00 23
3e 2c 00 00 00 23
49 00 00 00 00 28
73 00 00 00 00 05
51 00 00 00 00 01
49 00 00 00 00 23
3e 2c 00 00 00 23
49 00 00 00 00 28
49 00 00 00 00 23
