00 00 00 00 00 00
00 00 00 00 00 00
00 00 00 00 00 25
00 00 00 00 00 26
00 00 00 00 00 22
00 00 00 00 00 1f
00 00 00 00 00 1d
00 00 00 00 00 1e
00 00 00 00 00 00
00 00 00 00 00 00
00 39 00 01 00 00
00 39 00 01 00 00
3f 0e 00 01 00 20
00 39 00 01 00 21
00 39 00 01 00 27
00 39 00 01 00 24
00 39 00 01 00 1b
3f 0e 00 01 00 1c
00 39 00 01 00 00
00 39 00 01 00 00
49 00 00 00 00 23
49 00 00 00 00 23
3e 2c 00 00 00 23
49 00 00 00 00 28
49 00 00 00 00 50
49 00 00 00 00 23
49 31 00 00 00 4d
3e 2c 00 00 00 2a
49 00 00 00 00 28
49 00 00 00 00 23
