00 00 00 00 00 00
00 00 00 00 00 00
00 00 00 00 00 00
00 00 00 00 00 00
00 00 00 00 00 00
00 00 00 00 00 00
00 00 00 00 00 00
00 00 00 00 00 00
00 00 00 00 00 00
00 00 00 00 00 00
00 39 00 01 00 00
00 39 00 01 00 00
3f 0e 00 01 00 00
00 39 00 01 00 00
00 39 00 01 00 00
00 39 00 01 00 00
00 39 00 01 00 00
3f 0e 00 01 00 00
00 39 00 01 00 00
00 39 00 01 00 00
49 00 00 00 00 00
49 00 00 00 00 00
3e 0f 00 00 00 00
49 00 00 00 00 00
49 00 00 00 00 00
49 00 00 00 00 00
49 00 00 00 00 00
3e 0f 00 00 00 00
49 00 00 00 00 00
49 00 00 00 00 00
