00 2a 00 00 00 01
00 00 00 00 00 00
00 2a 00 00 00 01
00 00 00 00 00 00
00 2a 00 00 00 01
00 00 00 00 00 00
00 2a 00 00 00 01
00 00 00 00 00 00
00 2a 00 00 00 01
00 00 00 00 00 00
00 2a 00 00 00 41
00 00 00 00 00 00
00 2a 00 00 00 41
00 00 00 00 00 00
00 2a 00 00 00 41
00 00 00 00 00 00
00 2a 00 00 00 41
00 00 00 00 00 00
00 2a 00 00 00 41
00 00 00 00 00 00
00 29 00 01 00 40
00 01 00 01 00 00
00 29 00 01 00 40
00 01 00 01 00 00
00 29 00 01 00 40
00 01 00 01 00 00
00 29 00 01 00 40
00 01 00 01 00 00
00 29 00 01 00 40
00 01 00 01 00 00
