00 14 00 00 00 2b
00 13 00 00 00 2b
00 14 00 00 00 2b
00 13 00 00 00 2b
00 14 00 00 00 2b
00 13 00 00 00 2b
00 14 00 00 00 2b
00 13 00 00 00 2b
00 14 00 00 00 2b
00 13 00 00 00 2b
00 16 00 00 00 49
00 15 00 00 00 4a
00 16 00 00 00 49
00 15 00 00 00 4a
00 16 00 00 00 49
00 15 00 00 00 4a
00 16 00 00 00 49
00 15 00 00 00 4a
00 16 00 00 00 49
00 15 00 00 00 4a
00 00 00 00 00 00
00 00 00 00 00 00
00 00 00 00 00 00
00 00 00 00 00 00
00 00 00 00 00 00
00 00 00 00 00 00
00 00 00 00 00 00
00 00 00 00 00 00
00 00 00 00 00 00
00 00 00 00 00 00
