00 14 00 00 00 2b
00 13 00 00 00 2b
00 14 00 00 00 2b
00 13 00 00 00 2b
00 14 00 00 00 2b
00 13 00 00 00 2b
00 14 00 00 00 2b
00 13 00 00 00 2b
00 14 00 00 00 2b
00 13 00 00 00 2b
00 18 00 01 00 49
00 17 00 01 00 4a
00 18 00 01 00 49
00 17 00 01 00 4a
00 18 00 01 00 49
00 17 00 01 00 4a
00 18 00 01 00 49
00 17 00 01 00 4a
00 18 00 01 00 49
00 17 00 01 00 4a
00 00 00 00 00 00
00 00 00 00 00 00
00 00 00 00 00 00
00 00 00 00 00 00
00 00 00 00 00 00
00 00 00 00 00 00
00 00 00 00 00 00
00 00 00 00 00 00
00 00 00 00 00 00
00 00 00 00 00 00
