0b 00 00 00 00 2b
0c 20 00 00 00 2b
00 00 00 00 00 2b
0b 00 00 00 00 2b
0c 20 00 00 00 2b
00 00 00 00 00 2b
0b 00 00 00 00 2b
0c 20 00 00 00 2b
00 00 00 00 00 2b
0b 00 00 00 00 2b
0d 00 00 00 00 04
0e 21 00 00 00 04
00 00 00 00 00 04
0d 00 00 00 00 04
0e 21 00 00 00 04
00 00 00 00 00 04
0d 00 00 00 00 04
0e 21 00 00 00 04
00 00 00 00 00 04
0d 00 00 00 00 04
0f 26 00 01 00 4b
10 22 00 01 00 4b
00 25 00 01 00 4b
0f 26 00 01 00 4b
10 22 00 01 00 4b
00 25 00 01 00 4b
0f 26 00 01 00 4b
10 22 00 01 00 4b
00 25 00 01 00 4b
0f 26 00 01 00 4b
