1b 30 00 00 00 52
19 00 00 00 00 53
00 2f 00 00 00 54
00 31 00 00 00 55
1a 00 00 00 00 56
1b 30 00 00 00 57
19 00 00 00 00 58
00 2f 00 00 00 59
00 31 00 00 00 5a
00 00 00 00 00 5b
18 00 00 00 00 00
00 00 00 00 00 20
00 2d 00 00 00 1f
00 00 00 00 00 20
00 00 00 00 00 1f
18 00 00 00 00 20
00 00 00 00 00 1f
00 2d 00 00 00 20
00 00 00 00 00 1f
00 00 00 00 00 20
18 2c 00 01 00 00
00 2c 00 01 00 22
00 2e 00 01 00 21
00 37 1d 01 00 22
00 2c 00 01 00 21
18 2c 00 01 00 22
00 37 1d 01 00 21
00 2e 00 01 00 22
00 2c 00 01 00 21
00 2c 00 01 00 22
