00 00 00 00 00 52
00 35 00 00 00 53
00 00 00 00 00 54
1c 00 00 00 00 55
1d 00 00 00 00 56
1e 00 00 00 00 57
1f 00 00 00 00 58
00 00 00 00 00 59
00 34 00 00 00 5a
00 00 00 00 00 5b
00 00 00 00 00 1f
00 36 00 00 00 20
00 00 00 00 00 1f
00 35 00 00 00 20
00 00 00 00 00 47
00 00 00 00 00 48
00 34 00 00 00 43
00 00 00 00 00 44
00 32 00 00 00 43
00 00 00 00 00 44
00 37 1d 01 00 21
00 2e 00 01 00 22
00 37 1d 01 00 21
00 2e 00 01 00 22
00 2c 00 01 00 21
00 2c 00 01 00 46
00 33 00 01 00 45
00 37 1d 01 00 46
00 33 00 01 00 45
00 37 1d 01 00 46
