00 30 00 00 00 52
00 30 00 00 00 53
00 2f 00 00 00 54
1a 00 00 00 00 55
1b 00 00 00 00 56
19 30 00 00 00 57
00 00 00 00 00 58
00 2f 00 00 00 59
1a 00 00 00 00 5a
1b 00 00 00 00 5b
00 00 00 00 00 43
00 00 00 00 00 44
00 2d 00 00 00 43
00 00 00 00 00 44
18 00 00 00 00 43
00 00 00 00 00 44
00 00 00 00 00 43
00 2d 00 00 00 44
00 00 00 00 00 43
18 00 00 00 00 44
00 2c 00 01 00 45
00 2c 00 01 00 46
00 2e 00 01 00 45
00 37 1d 01 00 46
18 2c 00 01 00 45
00 2c 00 01 00 46
00 37 1d 01 00 45
00 2e 00 01 00 46
00 2c 00 01 00 45
18 01 00 01 00 46
