2a 00 00 00 00 00
2b 00 00 00 00 00
28 00 00 00 00 00
29 00 00 00 00 00
2a 00 00 00 00 00
2b 00 00 00 00 00
28 00 00 00 00 00
29 00 00 00 00 00
2a 00 00 00 00 00
2b 00 00 00 00 00
2d 01 00 01 00 00
2c 01 00 01 00 00
2d 01 00 01 00 00
2d 01 00 01 00 00
2d 01 00 01 00 00
2c 01 00 01 00 00
2d 01 00 01 00 00
2d 01 00 01 00 00
2d 01 00 01 00 00
2c 01 00 01 00 00
32 00 00 02 00 00
33 00 00 02 00 00
07 00 00 02 00 00
07 00 00 02 00 00
32 00 00 02 00 00
33 00 00 02 00 00
07 00 00 02 00 00
07 00 00 02 00 00
32 00 00 02 00 00
33 00 00 02 00 00
