24 30 00 00 00 00
25 2c 00 00 00 00
26 00 00 00 00 5a
00 00 00 00 00 58
00 00 00 00 00 5a
3e 00 00 00 00 5a
3f 00 00 00 00 5a
00 00 00 00 00 57
4b 00 00 00 00 5a
4a 00 00 02 00 53
51 2f 00 01 00 00
30 2b 00 01 00 00
56 34 00 01 00 54
56 34 00 01 00 5a
56 34 00 01 00 56
56 34 00 01 00 5a
56 34 00 01 00 58
4e 34 00 01 00 5a
4c 00 00 01 00 5a
4a 01 00 01 00 59
51 21 00 02 00 00
55 00 00 02 00 00
4f 00 00 02 00 59
4f 00 00 02 00 5a
4f 00 00 02 00 58
4f 00 00 02 00 5a
4f 00 00 02 00 54
4f 00 00 02 00 5a
4d 00 00 02 00 5a
4a 00 00 02 00 5a
