47 00 00 02 00 00
53 00 00 00 00 62
00 00 00 00 00 5a
00 00 00 00 00 57
00 00 00 00 00 5a
00 00 00 00 00 58
00 00 00 00 00 53
00 00 00 00 00 55
4b 00 00 00 00 5a
4a 00 00 02 00 00
51 2a 00 01 00 01
50 34 00 01 00 62
56 34 00 01 00 59
56 34 00 01 00 5a
56 34 00 01 00 56
56 34 00 01 00 53
56 34 00 01 00 54
56 34 00 01 00 55
4c 00 00 01 00 5a
4a 01 00 01 00 00
47 00 00 02 00 5a
55 00 00 02 00 5a
4f 00 00 02 00 57
4f 00 00 02 00 53
4f 00 00 02 00 54
4f 00 00 02 00 56
4f 00 00 02 00 59
4f 00 00 02 00 56
4d 00 00 02 00 5a
4a 00 00 02 00 00
