47 00 00 02 00 00
48 00 00 02 00 00
00 00 00 00 00 5a
00 00 00 00 00 57
00 00 00 00 00 5a
00 00 00 00 00 58
00 00 00 00 00 53
00 00 00 00 00 55
49 00 00 02 00 00
4a 00 00 02 00 00
47 00 00 02 00 01
53 00 00 00 00 62
00 00 00 00 00 59
00 00 00 00 00 5a
00 00 00 00 00 56
00 00 00 00 00 53
00 00 00 00 00 54
00 00 00 00 00 55
4b 00 00 00 00 5a
4a 00 00 02 00 00
51 2a 00 01 00 5a
50 34 00 01 00 62
56 34 00 01 00 57
56 34 00 01 00 53
56 34 00 01 00 54
56 34 00 01 00 56
56 34 00 01 00 59
56 34 00 01 00 56
4c 00 00 01 00 5a
4a 01 00 01 00 00
