47 00 00 02 00 5a
48 00 00 02 00 5a
00 00 00 00 00 5a
00 00 00 00 00 55
00 00 00 00 00 56
00 00 00 00 00 5a
00 00 00 00 00 5a
00 00 00 00 00 53
49 00 00 02 00 5a
4a 00 00 02 00 5a
47 00 00 02 00 00
48 00 00 02 00 5a
00 00 00 00 00 57
00 00 00 00 00 5a
00 00 00 00 00 5a
00 00 00 00 00 54
00 00 00 00 00 5a
00 00 00 00 00 56
49 00 00 02 00 59
4a 00 00 02 00 5a
47 00 00 02 00 00
48 2d 00 01 00 5a
00 2e 00 01 00 60
00 2d 00 01 00 61
00 2e 00 01 00 60
00 2d 00 01 00 61
00 2e 00 01 00 60
00 2d 00 01 00 61
49 00 00 02 00 60
4a 00 00 02 00 61
