18 0c 00 00 00 01
12 00 00 00 00 01
13 07 00 00 00 11
00 08 00 00 00 01
00 00 00 00 00 01
02 01 00 00 00 01
00 00 00 00 00 03
00 00 00 00 00 01
00 00 00 00 00 01
02 01 00 00 00 01
19 0a 00 01 00 02
0f 04 00 01 00 02
10 05 00 01 00 12
11 06 00 01 00 02
00 04 00 01 00 02
02 02 00 01 00 02
00 04 00 01 00 04
00 03 0b 01 00 02
00 04 00 01 00 02
02 02 00 01 00 02
1a 00 00 00 00 00
0c 00 00 02 00 00
0d 00 00 02 00 00
01 00 00 00 00 00
03 00 00 00 00 00
04 00 00 00 00 00
05 00 00 00 00 00
01 00 00 00 00 00
03 00 00 00 00 00
04 00 00 00 00 00
