00 00 00 00 00 03
00 00 00 00 00 01
00 00 00 00 00 01
02 01 00 00 00 01
00 00 00 00 00 03
00 00 00 00 00 01
00 00 00 00 00 01
02 01 00 00 00 01
00 00 00 00 00 03
00 00 00 00 00 01
00 04 00 01 00 04
00 03 0b 01 00 02
00 04 00 01 00 02
02 02 00 01 00 02
00 04 00 01 00 04
00 03 0b 01 00 02
00 04 00 01 00 02
02 02 00 01 00 02
00 04 00 01 00 04
00 03 0b 01 00 02
05 00 00 00 00 00
01 00 00 00 00 00
03 00 00 00 00 00
04 00 00 00 00 00
05 00 00 00 00 00
01 00 00 00 00 00
03 00 00 00 00 00
04 00 00 00 00 00
05 00 00 00 00 00
01 00 00 00 00 00
