00 00 00 00 00 01
02 01 00 00 00 01
00 00 00 00 00 03
00 00 00 00 00 01
00 0e 00 00 00 01
00 0f 00 00 00 00
00 00 00 00 00 00
00 00 00 00 00 11
00 00 00 00 00 01
02 01 00 00 00 01
00 04 00 01 00 02
02 02 00 01 00 02
00 04 00 01 00 04
00 03 0b 01 00 02
00 0d 00 01 00 02
00 10 24 01 00 00
00 11 0b 01 00 00
00 04 00 01 00 12
00 04 00 01 00 02
02 00 00 01 00 02
03 00 00 00 00 00
04 00 00 00 00 00
05 00 00 00 00 00
01 00 00 00 00 00
01 00 00 00 00 00
01 00 00 00 00 00
01 00 00 00 00 00
01 00 00 00 00 00
03 00 00 00 00 00
04 00 00 00 00 00
