15 00 00 00 00 00
09 00 00 00 00 07
00 21 00 02 00 0a
16 00 00 00 00 06
17 00 00 00 00 0a
00 00 00 00 00 0e
00 00 00 00 00 0f
00 00 00 00 00 10
00 00 00 00 00 06
00 00 00 00 00 08
14 00 00 01 00 00
08 00 00 02 00 07
23 21 00 02 00 0e
00 21 00 02 00 0a
00 00 00 00 00 09
00 00 00 00 00 08
00 00 00 00 00 0c
00 00 00 00 00 06
00 00 00 00 00 0b
00 00 00 00 00 06
06 00 00 02 00 00
0a 00 00 02 00 05
00 21 00 02 00 1b
00 21 00 02 00 1c
00 00 00 00 00 1a
00 00 00 00 00 1c
00 00 00 00 00 1a
00 00 00 00 00 1c
1b 00 00 00 00 1c
1c 00 00 00 00 05
