32 00 00 00 00 00
33 00 00 00 00 58
00 00 00 00 00 5c
00 00 00 00 00 5d
00 00 00 00 00 5e
00 00 00 00 00 5c
00 00 00 00 00 5d
00 00 00 00 00 5b
00 00 00 00 00 5a
00 00 00 00 00 5e
31 00 00 01 00 00
3f 00 00 01 00 58
3e 00 00 01 00 56
3d 00 00 01 00 57
3e 00 00 01 00 56
3d 00 00 01 00 57
3e 00 00 01 00 56
3d 00 00 01 00 57
3e 00 00 01 00 56
3d 00 00 01 00 57
2f 00 00 02 00 00
30 00 00 02 00 00
3c 00 00 02 00 00
38 00 00 02 00 00
39 00 00 02 00 00
3a 00 00 02 00 00
3b 00 00 02 00 00
3c 00 00 02 00 00
38 00 00 02 00 00
39 00 00 02 00 00
