00 00 00 00 00 5c
00 00 00 00 00 5d
00 00 00 00 00 5e
00 00 00 00 00 59
00 00 00 00 00 5a
00 00 00 00 00 5b
00 00 00 00 00 5c
00 00 00 00 00 5e
00 00 00 00 00 5e
00 00 00 00 00 59
00 00 00 00 00 5c
00 00 00 00 00 5d
00 00 00 00 00 5e
00 00 00 00 00 59
00 00 00 00 00 5a
00 00 00 00 00 5b
00 00 00 00 00 5c
00 00 00 00 00 5e
00 00 00 00 00 5e
00 00 00 00 00 59
3e 00 00 01 00 56
3d 00 00 01 00 57
3e 00 00 01 00 56
3d 00 00 01 00 57
3e 00 00 01 00 56
3d 00 00 01 00 57
3e 00 00 01 00 56
3d 00 00 01 00 57
3e 00 00 01 00 56
3d 00 00 01 00 57
