00 00 00 00 00 5c
00 00 00 00 00 5d
00 00 00 00 00 5e
00 00 00 00 00 59
00 00 00 00 00 5a
00 00 00 00 00 5b
00 00 00 00 00 5c
00 00 00 00 00 5e
36 00 00 02 00 00
37 00 00 02 00 00
00 00 00 00 00 5c
00 00 00 00 00 5d
00 00 00 00 00 5e
00 00 00 00 00 59
00 00 00 00 00 5a
00 00 00 00 00 5b
00 00 00 00 00 5c
00 00 00 00 00 5e
35 00 00 00 00 5e
37 00 00 02 00 00
3e 00 00 01 00 56
3d 00 00 01 00 57
3e 00 00 01 00 56
3d 00 00 01 00 57
3e 00 00 01 00 56
3d 00 00 01 00 57
3e 00 00 01 00 56
3d 00 00 01 00 57
34 00 00 01 00 56
37 01 00 01 00 00
