00 05 00 00 00 05
00 06 00 00 00 05
00 07 00 00 00 05
00 08 00 00 00 05
00 0a 00 00 00 05
00 0b 00 00 00 05
00 0c 00 00 00 05
00 0d 00 00 00 05
00 0e 00 00 00 05
00 00 00 02 00 05
06 00 00 00 00 09
07 00 00 00 00 04
08 00 00 00 00 04
09 00 00 00 00 04
0a 00 00 00 00 04
0b 00 00 00 00 04
0c 00 00 00 00 04
0d 00 00 00 00 0c
0e 03 00 00 00 0d
0f 00 00 02 00 04
15 00 00 01 00 06
16 00 00 01 00 07
17 00 00 01 00 08
18 00 00 01 00 03
19 00 00 01 00 03
1a 00 00 01 00 03
1b 00 00 01 00 0f
1c 00 00 01 00 0a
1d 03 00 01 00 0b
1e 00 00 02 00 0e
