00 05 00 00 00 01
00 06 00 00 00 01
00 07 00 00 00 01
00 08 00 00 00 01
00 0a 00 00 00 01
00 0b 00 00 00 01
00 0c 00 00 00 01
00 0d 00 00 00 01
00 0e 00 00 00 01
00 00 00 02 00 01
06 00 00 00 00 01
07 00 00 00 00 01
08 00 00 00 00 01
09 00 00 00 00 01
0a 00 00 00 00 01
0b 00 00 00 00 01
0c 00 00 00 00 01
0d 00 00 00 00 01
0e 03 00 00 00 01
0f 00 00 02 00 01
15 00 00 01 00 03
16 00 00 01 00 03
17 00 00 01 00 03
18 00 00 01 00 03
19 00 00 01 00 03
1a 00 00 01 00 03
1b 00 00 01 00 03
1c 00 00 01 00 03
1d 03 00 01 00 03
1e 00 00 02 00 03
