07 06 00 01 00 00
07 06 00 01 00 00
05 06 00 01 00 00
06 07 00 01 00 00
00 00 00 00 00 00
00 00 00 00 00 00
03 01 00 01 00 00
04 05 00 01 00 00
07 06 00 01 00 00
07 06 00 01 00 00
07 06 00 01 00 00
07 06 00 01 00 00
05 06 00 01 00 00
06 07 00 01 00 00
00 00 00 00 00 00
00 00 00 00 00 00
03 01 00 01 00 00
04 05 00 01 00 00
07 06 00 01 00 00
07 06 00 01 00 00
07 06 00 01 00 00
07 06 00 01 00 00
05 06 00 01 00 00
06 07 00 01 00 00
00 00 00 00 00 00
00 00 00 00 00 00
03 01 00 01 00 00
04 05 00 01 00 00
07 06 00 01 00 00
07 06 00 01 00 00
