07 06 00 01 00 00
07 06 00 01 00 00
07 06 00 01 00 00
07 06 00 01 00 00
07 06 00 01 00 00
07 06 00 01 00 00
07 06 00 01 00 00
07 06 00 01 00 00
07 06 00 01 00 00
07 06 00 01 00 00
07 06 00 01 00 00
07 06 00 01 00 00
07 06 00 01 00 00
07 06 00 01 00 00
07 06 00 01 00 00
07 06 00 01 00 00
07 06 00 01 00 00
07 06 00 01 00 00
07 06 00 01 00 00
07 06 00 01 00 00
07 06 00 01 00 00
07 06 00 01 00 00
07 06 00 01 00 00
07 06 00 01 00 00
07 06 00 01 00 00
07 06 00 01 00 00
07 06 00 01 00 00
07 06 00 01 00 00
07 06 00 01 00 00
07 06 00 01 00 00
