03 01 00 01 00 00
04 05 00 01 00 00
28 09 00 00 00 00
28 0a 00 00 00 00
28 0a 00 00 00 00
28 0a 00 00 00 00
28 0a 00 00 00 00
28 0b 00 00 00 00
05 06 00 01 00 00
06 07 00 01 00 00
03 01 00 01 00 00
04 05 00 01 00 00
28 09 00 00 00 00
28 0a 00 00 00 00
28 0a 00 00 00 00
28 0a 00 00 00 00
28 0a 00 00 00 00
28 0b 00 00 00 00
05 06 00 01 00 00
06 07 00 01 00 00
03 01 00 01 00 00
04 05 00 01 00 00
28 09 00 00 00 00
28 0a 00 00 00 00
28 0a 00 00 00 00
28 0a 00 00 00 00
28 0a 00 00 00 00
28 0b 00 00 00 00
05 06 00 01 00 00
06 07 00 01 00 00
