07 06 00 01 00 00
07 06 00 01 00 00
07 06 00 01 00 00
28 09 00 00 00 00
28 0a 00 00 00 00
28 0a 00 00 00 00
28 0b 00 00 00 00
07 06 00 01 00 00
07 06 00 01 00 00
07 06 00 01 00 00
07 06 00 01 00 00
07 06 00 01 00 00
07 06 00 01 00 00
28 09 00 00 00 00
28 0a 00 00 00 00
28 0a 00 00 00 00
28 0b 00 00 00 00
07 06 00 01 00 00
07 06 00 01 00 00
07 06 00 01 00 00
07 06 00 01 00 00
07 06 00 01 00 00
07 06 00 01 00 00
28 09 00 00 00 00
28 0a 00 00 00 00
28 0a 00 00 00 00
28 0b 00 00 00 00
07 06 00 01 00 00
07 06 00 01 00 00
07 06 00 01 00 00
