0c 00 00 00 00 14
0d 15 00 00 00 15
0a 00 00 00 00 14
0b 15 00 00 00 15
0c 00 00 00 00 14
0d 15 00 00 00 15
0a 00 00 00 00 14
0b 15 00 00 00 15
0c 00 00 00 00 14
0d 15 00 00 00 15
02 18 00 01 00 17
02 14 0b 01 00 18
09 18 00 01 00 17
02 31 0b 01 00 18
02 18 00 01 00 17
02 14 0b 01 00 18
09 18 00 01 00 17
02 31 0b 01 00 18
02 18 00 01 00 17
02 14 0b 01 00 18
08 00 00 02 00 00
05 00 00 02 00 00
06 00 00 02 00 00
07 00 00 02 00 00
08 00 00 02 00 00
05 00 00 02 00 00
06 00 00 02 00 00
07 00 00 02 00 00
08 00 00 02 00 00
05 00 00 02 00 00
