11 11 00 02 00 00
14 00 00 00 00 00
00 33 00 00 00 6c
00 34 29 00 00 6c
00 35 00 00 00 6c
00 33 00 00 00 6c
00 00 00 00 00 6c
00 00 00 00 00 6c
28 12 00 00 00 6c
1a 00 00 02 00 00
11 11 00 01 00 00
15 12 22 01 00 00
22 13 22 01 00 6c
21 36 00 01 00 6c
22 37 00 01 00 6c
21 12 22 01 00 6c
22 13 22 01 00 6c
21 12 22 01 00 6c
2a 00 00 01 00 6c
1a 18 00 01 00 00
11 11 00 02 00 00
13 00 00 02 00 75
00 00 00 00 00 72
00 00 00 00 00 72
00 00 00 00 00 72
00 00 00 00 00 72
00 00 00 00 00 72
00 00 00 00 00 72
29 12 00 02 00 75
1a 00 00 02 00 00
