11 11 00 02 00 00
14 00 00 00 00 00
00 00 00 00 00 00
00 00 00 00 00 00
00 00 00 00 00 00
00 00 00 00 00 00
00 00 00 00 00 00
00 00 00 00 00 00
28 12 00 00 00 00
1a 00 00 02 00 00
11 11 00 01 00 00
15 36 00 01 00 00
22 37 00 01 00 00
21 36 00 01 00 00
22 37 00 01 00 00
21 36 00 01 00 00
22 37 00 01 00 00
21 12 22 01 00 00
2a 00 00 01 00 00
1a 18 00 01 00 00
11 11 00 02 00 00
13 00 00 02 00 00
00 00 00 00 00 00
00 00 00 00 00 00
00 00 00 00 00 00
00 00 00 00 00 00
00 00 00 00 00 00
00 00 00 00 00 00
29 12 00 02 00 00
1a 00 00 02 00 00
