1d 30 00 00 00 00
1d 30 00 00 00 00
1d 30 00 00 00 00
1d 30 00 00 00 00
1d 30 00 00 00 00
1d 30 00 00 00 00
1d 30 00 00 00 00
1d 30 00 00 00 00
1d 30 00 00 00 00
1d 30 00 00 00 00
1e 2f 00 01 00 00
1e 2f 00 01 00 00
1e 2f 00 01 00 00
1e 2f 00 01 00 00
1e 2f 00 01 00 00
1e 2f 00 01 00 00
1e 2f 00 01 00 00
1e 2f 00 01 00 00
1e 2f 00 01 00 00
1e 2f 00 01 00 00
1d 30 00 00 00 00
1d 30 00 00 00 00
1d 30 00 00 00 00
1d 30 00 00 00 00
1d 30 00 00 00 00
1d 30 00 00 00 00
1d 30 00 00 00 00
1d 30 00 00 00 00
1d 30 00 00 00 00
1d 30 00 00 00 00
