03 0a 00 00 00 00
04 09 00 00 00 05
02 08 00 00 00 00
03 0a 00 00 00 00
04 09 00 00 00 05
02 08 00 00 00 00
03 0a 00 00 00 00
04 09 00 00 00 05
02 08 00 00 00 00
03 0a 00 00 00 00
00 06 00 00 00 09
05 09 21 00 00 2a
00 08 00 00 00 0b
00 0a 00 00 00 0c
05 09 21 00 00 2b
00 08 00 00 00 0c
00 0a 00 00 00 0d
05 09 21 00 00 2c
00 08 00 00 00 0f
00 0a 00 00 00 10
00 0c 00 01 00 03
00 0d 00 01 00 01
00 0e 00 01 00 02
00 0f 00 01 00 03
00 0d 00 01 00 01
00 0e 00 01 00 02
00 0f 00 01 00 03
00 0d 00 01 00 01
00 0e 00 01 00 02
00 0f 00 01 00 03
