04 09 00 00 00 05
02 08 00 00 00 00
03 0a 00 00 00 00
04 09 00 00 00 05
02 08 00 00 00 00
03 0a 00 00 00 00
22 09 00 00 00 05
23 08 00 00 00 00
03 0a 00 00 00 00
04 09 00 00 00 05
05 09 21 00 00 2d
00 08 00 00 00 0a
00 0a 00 00 00 0b
05 09 21 00 00 2b
00 08 00 00 00 0c
00 0a 00 00 00 0c
05 09 21 00 00 2e
00 08 00 00 00 0e
00 0a 00 00 00 0f
05 09 21 00 00 04
00 0d 00 01 00 01
00 0e 00 01 00 02
00 0f 00 01 00 03
00 0d 00 01 00 01
00 0e 00 01 00 02
00 0f 00 01 00 03
00 0d 00 01 00 01
00 0e 00 01 00 02
00 0f 00 01 00 03
00 0d 00 01 00 01
