00 00 00 00 00 00
00 00 00 00 00 00
00 00 00 00 00 18
00 00 00 00 00 00
00 00 00 00 00 13
00 00 00 00 00 00
00 00 00 00 00 16
20 00 00 00 00 00
21 00 00 00 00 00
11 29 18 00 00 13
10 17 00 01 00 14
06 11 00 01 00 00
06 11 00 01 00 00
06 11 00 01 00 12
0f 11 00 01 00 00
10 17 00 01 00 14
06 11 00 01 00 00
06 11 00 01 00 00
06 11 00 01 00 17
13 21 06 01 00 00
07 12 00 00 00 09
08 13 00 00 00 0a
09 00 00 00 00 0b
0a 00 00 00 00 0c
0b 14 00 00 00 0c
07 12 00 00 00 0c
08 13 00 00 00 0d
09 00 00 00 00 0e
0a 00 00 00 00 0f
12 00 00 00 00 10
