3d 33 00 00 00 2f
3e 33 00 00 00 23
40 33 00 00 00 24
41 33 00 00 00 25
1e 00 00 00 00 26
1f 00 00 00 00 2f
42 33 00 00 00 23
43 33 00 00 00 24
3e 33 00 00 00 25
3f 33 00 00 00 26
00 00 00 00 00 2e
3c 2c 00 00 00 2e
00 31 00 00 00 2e
45 33 00 00 00 2e
00 00 00 00 00 27
00 31 00 00 00 28
44 2e 00 00 00 2e
00 00 00 00 00 2e
3c 33 00 00 00 2e
00 00 00 00 00 2e
00 01 00 01 00 2c
3b 2b 22 01 00 2b
00 30 00 01 00 2c
00 01 00 01 00 2b
00 01 00 01 00 29
00 30 00 01 00 2a
00 2d 1d 01 00 2b
00 01 00 01 00 2c
3b 01 00 01 00 2b
00 01 00 01 00 2c
