37 29 00 00 00 00
38 2a 00 00 00 00
39 00 00 00 00 00
3a 00 00 00 00 00
00 00 00 00 00 00
37 29 00 00 00 00
38 2a 00 00 00 00
39 00 00 00 00 00
3a 00 00 00 00 00
00 00 00 00 00 00
33 22 00 01 00 00
34 23 00 01 00 00
35 24 00 01 00 00
36 01 00 01 00 00
00 01 00 01 00 00
33 22 00 01 00 00
34 23 00 01 00 00
35 24 00 01 00 00
36 01 00 01 00 00
00 01 00 01 00 00
00 00 00 00 00 00
00 00 00 00 00 00
00 00 00 00 00 00
00 00 00 00 00 00
00 00 00 00 00 00
00 00 00 00 00 00
00 00 00 00 00 00
00 00 00 00 00 00
00 00 00 00 00 00
00 00 00 00 00 00
