00 00 00 00 00 07
00 00 00 00 00 09
00 1d 00 00 00 0a
00 19 21 00 00 06
00 1a 00 00 00 07
00 19 21 00 00 06
00 1a 00 00 00 07
00 19 21 00 00 06
00 1a 00 00 00 07
00 19 21 00 00 06
00 11 00 01 00 0c
00 12 00 01 00 0e
00 13 00 01 00 0f
00 14 00 01 00 0b
00 17 00 01 00 0c
00 18 00 01 00 12
00 17 00 01 00 13
00 18 00 01 00 0b
00 17 00 01 00 0c
00 18 00 01 00 12
13 00 00 02 00 00
11 00 00 02 00 00
14 00 00 02 00 00
11 00 00 02 00 00
13 00 00 02 00 00
11 00 00 02 00 00
14 00 00 02 00 00
11 00 00 02 00 00
13 00 00 02 00 00
11 00 00 02 00 00
