16 00 00 02 00 00
17 00 00 02 00 00
17 00 00 02 00 00
17 00 00 02 00 00
16 00 00 02 00 00
17 00 00 02 00 00
17 00 00 02 00 00
17 00 00 02 00 00
16 00 00 02 00 00
17 00 00 02 00 00
00 10 00 01 00 00
00 10 00 01 00 00
00 10 00 01 00 00
00 10 00 01 00 00
00 10 00 01 00 00
00 10 00 01 00 00
00 10 00 01 00 00
00 10 00 01 00 00
00 10 00 01 00 00
00 10 00 01 00 00
13 00 00 02 00 00
11 00 00 02 00 00
11 00 00 02 00 00
11 00 00 02 00 00
13 00 00 02 00 00
11 00 00 02 00 00
11 00 00 02 00 00
11 00 00 02 00 00
13 00 00 02 00 00
11 00 00 02 00 00
